7 0 10 15 50000 50000 50000 50000  2
9 10 0 5 50000 2 50000 50000  3
4 50000 2 50000 4 0 50000 50000  6
4 50000 2 50000 4 0 50000 50000  6
7 0 10 15 21 11 50000 50000  2
9 10 0 5 50000 2 50000 50000  3
4 50000 2 50000 4 0 50000 50000  6
7 0 10 15 21 11 50000 50000  2
4 50000 2 50000 4 0 50000 50000  6
7 0 10 15 21 11 50000 50000  2

7 0 10 15 15 11 33 50000  2
7 0 10 15 15 11 33 46  2
9 10 0 5 50000 2 50000 50000  3
9 10 0 5 50000 2 50000 50000  3
7 0 10 15 50000 50000 50000 50000  2
7 0 10 15 50000 50000 50000 50000  2
4 50000 2 50000 4 0 50000 50000  6
4 50000 2 50000 4 0 50000 50000  6
7 0 10 15 15 11 33 46  2
