7 0 10 15 50000 50000 50000 50000  2
4 50000 2 50000 4 0 50000 50000  6

50000 15 5 0 6 50000 50000 50000  4
0 7 9 50000 50000 4 50000 50000  1
0 7 9 50000 50000 4 50000 50000  1
50000 15 5 0 6 50000 50000 50000  4
7 0 10 15 21 11 50000 50000  2
14 15 5 0 6 7 18 50000  4
0 7 6 11 8 4 50000 50000  1
14 15 5 0 6 7 18 31  4
7 0 10 15 15 11 33 50000  2
7 0 10 15 15 11 33 46  2
7 0 10 15 50000 50000 50000 50000  2
0 7 9 50000 50000 4 50000 50000  1
4 50000 2 50000 4 0 50000 50000  6
0 7 9 50000 50000 4 50000 50000  1
50000 15 5 0 6 50000 50000 50000  4
7 0 10 15 50000 50000 50000 50000  2
50000 15 5 0 6 50000 50000 50000  4
4 50000 2 50000 4 0 50000 50000  6
7 0 10 15 15 11 33 46  2
14 15 5 0 6 7 18 31  4
