0 7 9 50000 50000 4 50000 50000  1
9 10 0 5 50000 2 50000 50000  3
50000 15 5 0 6 50000 50000 50000  4
9 10 0 5 50000 2 50000 50000  3
0 7 9 50000 50000 4 50000 50000  1
50000 15 5 0 6 50000 50000 50000  4
9 10 0 5 50000 2 50000 50000  3
0 7 9 50000 50000 4 50000 50000  1
50000 15 5 0 6 50000 50000 50000  4
14 15 5 0 6 7 18 50000  4
0 7 6 11 8 4 50000 50000  1
14 15 5 0 6 7 18 31  4
0 7 6 11 8 4 50000 50000  1
9 10 0 5 50000 2 50000 50000  3
14 15 5 0 6 7 18 50000  4
0 7 6 11 8 4 50000 50000  1
14 15 5 0 6 7 18 31  4
9 10 0 5 50000 2 50000 50000  3
9 10 0 5 50000 2 50000 50000  3
0 7 9 50000 50000 4 50000 50000  1
50000 15 5 0 6 50000 50000 50000  4
9 10 0 5 50000 2 50000 50000  3
0 7 9 50000 50000 4 50000 50000  1
50000 15 5 0 6 50000 50000 50000  4
0 7 9 50000 50000 4 50000 50000  1
9 10 0 5 50000 2 50000 50000  3
50000 15 5 0 6 50000 50000 50000  4
14 15 5 0 6 7 18 31  4
