7 0 10 15 50000 50000 50000 50000  2
9 10 0 5 50000 2 50000 50000  3
50000 50000 50000 6 0 4 12 50000  5
50000 50000 50000 6 0 4 12 50000  5
7 0 10 15 21 11 50000 50000  2
9 10 0 5 50000 2 50000 50000  3
7 0 10 15 21 11 50000 50000  2
7 0 10 15 21 11 50000 50000  2
9 10 0 5 50000 2 50000 50000  3
8 21 6 6 0 4 12 25  5
50000 50000 50000 6 0 4 12 50000  5
7 0 10 15 21 11 50000 50000  2
9 10 0 5 50000 2 50000 50000  3
8 21 6 6 0 4 12 25  5
7 0 10 15 15 11 33 50000  2
7 0 10 15 15 11 33 46  2
9 10 0 5 50000 2 50000 50000  3
7 0 10 15 50000 50000 50000 50000  2
50000 50000 50000 6 0 4 12 50000  5
9 10 0 5 50000 2 50000 50000  3
50000 50000 50000 6 0 4 12 50000  5
7 0 10 15 15 11 33 46  2
7 0 10 15 15 11 33 46  2
8 21 6 6 0 4 12 25  5
7 0 10 15 15 11 33 46  2
8 21 6 6 0 4 12 25  5
9 10 0 5 50000 2 50000 50000  3
