50000 15 5 0 6 50000 50000 50000  4
50000 50000 50000 50000 12 50000 0 13  7
50000 50000 50000 50000 12 50000 0 13  7
50000 15 5 0 6 50000 50000 50000  4
4 50000 2 50000 4 0 50000 50000  6
14 15 5 0 6 7 18 50000  4
14 15 5 0 6 7 18 50000  4
4 50000 2 50000 4 0 50000 50000  6
50000 50000 50000 18 12 16 0 13  7
50000 50000 50000 18 12 16 0 13  7
20 33 18 18 12 16 0 13  7
14 15 5 0 6 7 18 31  4
50000 15 5 0 6 50000 50000 50000  4
50000 50000 50000 50000 12 50000 0 13  7
50000 15 5 0 6 50000 50000 50000  4
50000 50000 50000 50000 12 50000 0 13  7
4 50000 2 50000 4 0 50000 50000  6
20 33 18 18 12 16 0 13  7
14 15 5 0 6 7 18 31  4
4 50000 2 50000 4 0 50000 50000  6
14 15 5 0 6 7 18 31  4
20 33 18 18 12 16 0 13  7
