50000 50000 50000 6 0 4 12 50000  5
50000 50000 50000 6 0 4 12 50000  5
50000 50000 50000 50000 50000 50000 13 0  8
50000 50000 50000 50000 50000 50000 13 0  8
50000 50000 50000 50000 25 50000 13 0  8
8 21 6 6 0 4 12 25  5
8 21 6 6 0 4 12 25  5
50000 50000 50000 50000 50000 50000 13 0  8
8 21 6 6 0 4 12 25  5
50000 50000 50000 50000 25 50000 13 0  8
50000 50000 50000 31 25 29 13 0  8
33 46 31 31 25 29 13 0  8
50000 50000 50000 50000 50000 50000 13 0  8
50000 50000 50000 6 0 4 12 50000  5
50000 50000 50000 6 0 4 12 50000  5
50000 50000 50000 50000 50000 50000 13 0  8
50000 50000 50000 6 0 4 12 50000  5
50000 50000 50000 50000 50000 50000 13 0  8
8 21 6 6 0 4 12 25  5
33 46 31 31 25 29 13 0  8
